x<-c(10.4, 5.6, 3.1, 6.4, 21.7)
c(10.4, 5.6, 3.1, 6.4, 21.7)->x
1/x
x

y<-c(x,0,x)
y
1/y


p<-c(1,2,4,7)
q<-c(5,5,5)
c(p+q)
